 s   MAME L/R rms      core L/R rms    | low/mid/high  MAME L          core L
 0       0      0        0      0   |     0     0     0       0     0     0
 1       0      0        0      0   |     0     0     0       0     0     0
 2       0      0        0      0   |     0     0     0       0     0     0
 3       0      0        0      0   |     0     0     0       0     0     0
 4       0      0        0      0   |     0     0     0       0     0     0
 5       0      0        0      0   |     0     0     0       0     0     0
 6      30     30        0      0   |    29     6     1       0     0     0
 7     401    397        0      0   |   359   146    57       0     0     0
 8     357    364        0      0   |   302   142    86       0     0     0
 9     309    326      345    348   |   244   142    86     317   107    53
10     292    294      334    328   |   154   187   112     217   192   113
11      82     82      109    107   |    32    59    31      85    53    27
12     265    279      290    300   |   191   138    82     205   157    89
13     266    265      267    263   |   185   146    83     186   147    83
14     271    279      294    319   |   202   136    79     226   143    80
15     294    301      281    287   |   219   151    82     206   146    80
16     286    306      278    298   |   203   155    84     204   144    80
17     319    406      329    410   |   200   188   111     199   196   118
18     293    306      273    287   |   239   124    81     222   116    76
19     374    396      286    313   |   290   181   101     223   133    82
20     355    378      406    424   |   247   194   109     284   221   124
21     400    417      374    393   |   284   214   122     279   188   109
22     420    442      349    368   |   299   228   122     240   194   108
23     390    412      363    382   |   311   187    91     267   186   107
24     370    388      368    391   |   276   187   109     275   187   106
seconds with sound in both: 16  mean |log(core/MAME)| rms = 0.101
